[5459.65305786 5547.43231555 5355.24272943 5312.59623033 5225.51716123
 5218.47251859           nan 5293.46011843 5199.85493327 5432.48043223
           nan 5448.12884936 5249.22536466 5368.69148536 5212.90489138
 5479.63510765 5231.31661211 5198.92507449 5285.78682874 5285.9678395
 5304.47157821 5245.60624075 5368.20830803 5467.24611712 5419.61436744
 5386.26967027 5433.96328555 5544.1315442  5344.59890417 5710.98967967
 5336.49884374 5467.3588222  5640.89355994 5464.70229065 5333.55523783
 5392.99952197 5614.47225483 5774.93099848 5328.78720158 5509.26646192
 5821.72242219 5778.535076   5398.30866354 5803.19007099 5312.6437675
 5663.23583201 5763.27725974 5493.91465643 5331.94408852 5629.84937398
 5810.92034665 5773.02604368 5527.38368813 5446.80728178 5684.35668146
 5564.7783768  5445.11856016 5679.25944387 5662.93618452 5664.4046472
 5520.01024901 5885.01935458 5322.82982419 5824.19755139 5474.92493055
 5639.34304153 5682.00416541 5439.67462326 5428.03982351 5612.02484919
 5777.00183962 5604.31205247 5727.71833265 5726.9821931  5698.24927097
 5521.74788605           nan 5825.27545466 5842.77487              nan
           nan 5520.78083316 5825.70005489 5762.65435078 5411.34790124
 5760.90224922 5533.39345679 5830.35211247 5871.39296512 5522.50539348
 5778.52368314 5872.05061709 5593.94143961 5618.73821711 5780.87106154
 5845.29777126 5627.34435662 5877.21765434 5644.93790679 5597.48430766
 5617.69696    5605.06113523 5674.45628444 5323.57376276 5390.46328381
 5321.07164485 5613.70840854 5684.91241408 5708.7332433  5490.4370831
 5474.96867873 5440.39725125 5654.79199976 5761.14268339           nan
 5879.00706468 5703.35950128 5771.22525696 5850.26959503 5415.39103131
 5485.50700276           nan 5871.23408288 5408.62638083 5854.25478853
 5638.52475976 5567.46829044 5470.36801657 5492.94170859 5484.87653191
 5731.5338562  5669.56757205 5346.24900949 5586.2579977  5335.01353555]