[5461.53396844 5545.23969686 5356.37149977 5312.80920467 5218.24556998
 5210.63144862           nan 5288.90895166 5191.8724583  5432.12169596
           nan 5448.09109696 5239.66308733 5368.66076086 5203.36734498
 5477.46277381 5231.32340761 5192.93158506 5279.24528047 5281.55502095
 5301.71349225 5245.55265188 5364.50900819 5467.29001078 5416.36448003
 5384.95689107 5434.37345903 5543.71289583 5338.94490408 5710.9992779
 5330.84674305 5470.77805694 5641.69060217 5465.28522384 5327.81860835
 5391.54878044 5614.20621797 5775.71625702 5323.44834527 5511.75719261
 5820.28266134 5779.55789466 5397.0510652  5801.32832908 5307.96236311
 5666.40836664 5762.31895048 5496.94685965 5326.48267337 5628.35751053
 5813.01450989 5771.45680615 5532.19335475 5448.87563993 5683.367094
 5562.12224831 5447.18191041 5677.34335286 5663.36518572 5664.59753957
 5518.27684809 5884.17400995 5317.324184   5823.53804597 5477.4904174
 5639.12953068 5677.90205922 5440.58886092 5430.33024188 5607.30762509
 5777.36887534 5602.11132626 5727.88164883 5727.11772646 5697.18991668
 5522.36382754           nan 5825.44372076 5841.78991343           nan
           nan 5527.40054688 5822.00111657 5760.98315487 5413.21164156
 5759.35201975 5536.86240786 5827.60915535 5871.4657552  5522.02006067
 5778.6902041  5871.91325155 5594.50154131 5598.30129501 5779.10156183
 5843.35487326 5629.42324116 5876.23533269 5646.56908118 5596.51924572
 5615.50612906 5602.74254679 5671.71879518 5318.55360891 5392.78685478
 5316.09239729 5610.66287251 5685.92007357 5708.8841157  5492.05427066
 5479.20400625 5440.93835637 5655.7703198  5760.74024097           nan
 5880.70346449 5706.61553604 5771.55702351 5849.35253374 5415.82648075
 5485.88315719           nan 5871.70913647 5408.84597038 5855.11266495
 5638.07038003 5564.30952304 5471.56917507 5494.41174077 5482.34671706
 5731.32634953 5677.40904215 5340.94055709 5583.05127448 5329.72450498]