[5461.34400575 5541.21427543 5358.27140544 5324.24995324 5223.56386322
 5213.21884214           nan 5288.12077533 5194.7822871  5433.61950933
           nan 5450.36312723 5244.92989977 5369.89253559 5207.01593147
 5477.29994736 5231.53864362 5202.05479061 5287.35731471 5280.17701014
 5301.14673027 5249.47028249 5369.9448955  5467.41629108 5420.34473029
 5384.13085968 5430.74870478 5545.98171114 5344.86648495 5710.65346554
 5337.51138211 5463.75872538 5649.43896137 5457.35843164 5333.41196915
 5392.97858899 5615.15354304 5780.18339076 5331.03980587 5512.14674272
 5817.78448064 5779.61491139 5392.09840548 5797.82310128 5312.5372855
 5663.63150834 5761.09083252 5508.76238124 5333.89980603 5633.53332735
 5810.27892482 5769.70497934 5530.23853193 5449.74535737 5682.24958606
 5568.06287892 5448.79433162 5678.01157959 5667.03178291 5670.48844912
 5515.3422495  5883.23602169 5322.06205434 5821.65461348 5475.50419372
 5640.41200209 5679.39024037 5440.63108806 5432.22128079 5607.4905217
 5778.09836763 5597.70550811 5729.48194386 5727.41046723 5694.80395145
 5519.97173623           nan 5826.82401916 5838.93783821           nan
           nan 5527.85943473 5818.58332655 5759.99064588 5407.37399965
 5758.64601352 5539.47536305 5820.71173562 5871.45369843 5523.17178233
 5780.10268036 5871.8954457  5596.37304102 5591.07441351 5777.32838805
 5841.5436685  5634.70187802 5877.20943611 5642.50740054 5594.02337223
 5612.40489242 5607.71454624 5673.43607176 5326.51244647 5390.80994122
 5323.294066   5614.46849102 5686.90523563 5708.950497   5489.24528625
 5479.56455477 5440.76575063 5656.87980433 5760.65467813           nan
 5881.92053253 5707.33093617 5778.02519312 5849.10430075 5421.08906272
 5485.79231386           nan 5869.50021142 5410.29563497 5855.74855964
 5639.18329615 5569.12001582 5470.76071246 5491.01670162 5475.24186937
 5730.93594242 5681.49528165 5344.03282951 5585.47361569 5331.19249622]